Transaction Date,Transaction Type,Sort Code,Account Number,Transaction Description,Debit Amount,Credit Amount,Balance,
30/01/2017,BGC,'12-34-56,99966633,EMPLOYER INC,,1910.30,24269.29
28/02/2017,BGC,'12-34-56,99966633,EMPLOYER INC,,1910.30,26179.59
30/03/2017,BGC,'12-34-56,99966633,EMPLOYER INC,,1910.30,28089.89
31/03/2017,BGC,'12-34-56,99966633,HSBC,100,,27989.89
01/04/2017,,'12-34-56,99966633,INTEREST (NET) ,,1.21,27991.10
07/04/2017,BP,'12-34-56,99966633,OASIS COFFEE ,2.76,,27988.34
07/04/2017,DEB,'12-34-56,99966633,WAITROSE,5.24,,27983.10
30/04/2017,BGC,'12-34-56,99966633,EMPLOYER INC,,1910.30,29893.40
01/05/2017,BP,'12-34-56,99966633,AVIVA,100,,29793.40
03/05/2017,BP,'12-34-56,99966633,COSTA COFFEE,2.43,,29790.97
05/05/2017,BP,'12-34-56,99966633,TESCO GROCERIES,14.5,,29776.47
30/05/2017,BGC,'12-34-56,99966633,EMPLOYER INC,,1910.30,31686.77
30/06/2017,BGC,'12-34-56,99966633,EMPLOYER INC,,1910.30,33597.07
30/07/2017,BGC,'12-34-56,99966633,EMPLOYER INC,,1910.30,35507.37
30/08/2017,BGC,'12-34-56,99966633,EMPLOYER INC,,1910.30,37417.67
30/09/2017,BGC,'12-34-56,99966633,EMPLOYER INC,,1910.30,39327.97
30/10/2017,BGC,'12-34-56,99966633,EMPLOYER INC,,1910.30,41238.27
30/11/2017,BGC,'12-34-56,99966633,EMPLOYER INC,,1910.30,43148.57
30/12/2017,BGC,'12-34-56,99966633,EMPLOYER INC,,1910.41,45058.98